{"corridors": ["Mysore Road", "Tumkur Road", "Bellary Road 1", "Bellary Road 2", "Hosur Road", "ORR East 1", "ORR East 2", "ORR North 1", "ORR North 2", "ORR West 1", "Bannerghata Road", "Hennur Main Road", "Old Madras Road", "Old Airport Road", "Varthur Road", "Magadi Road", "West of Chord Road", "CBD 1", "CBD 2", "Airport New South Road", "IRR(Thanisandra road)", "Non-corridor"], "durations_s": [[60, 958, 2012, 2333, 2305, 3958, 4849, 3066, 3951, 726, 2351, 2996, 2945, 2699, 4045, 212, 353, 1655, 1699, 5810, 2639, 1521], [958, 60, 1178, 1469, 2563, 3713, 4645, 2413, 3281, 1672, 2908, 2335, 2658, 2756, 4016, 1171, 637, 1730, 1885, 4928, 1949, 1682], [2012, 1178, 60, 328, 2565, 2959, 3885, 1316, 2141, 2634, 3217, 1235, 1965, 2476, 3489, 2208, 1659, 1753, 1978, 3797, 849, 1823], [2333, 1469, 328, 60, 2805, 2975, 3883, 1189, 1943, 2962, 3497, 1110, 2036, 2658, 3577, 2531, 1980, 2022, 2250, 3477, 762, 2106], [2305, 2563, 2565, 2805, 60, 2140, 2851, 2539, 3196, 2183, 895, 2524, 1529, 624, 1870, 2289, 2236, 856, 677, 5602, 2423, 880], [3958, 3713, 2959, 2975, 2140, 60, 935, 1919, 1911, 4114, 2963, 1975, 1055, 1516, 916, 4033, 3733, 2342, 2389, 4272, 2227, 2506], [4849, 4645, 3885, 3883, 2851, 935, 60, 2773, 2556, 4947, 3569, 2838, 1987, 2260, 1078, 4909, 4640, 3206, 3221, 4678, 3125, 3360], [3066, 2413, 1316, 1189, 2539, 1919, 2773, 60, 885, 3538, 3395, 81, 1219, 2144, 2670, 3225, 2736, 2029, 2231, 3081, 470, 2184], [3951, 3281, 2141, 1943, 3196, 1911, 2556, 885, 60, 4411, 4085, 957, 1694, 2693, 2805, 4110, 3622, 2825, 3007, 2459, 1333, 2991], [726, 1672, 2634, 2962, 2183, 4114, 4947, 3538, 4411, 60, 1954, 3476, 3179, 2701, 4037, 520, 1038, 1781, 1728, 6417, 3152, 1611], [2351, 2908, 3217, 3497, 895, 2963, 3569, 3395, 4085, 1954, 60, 3373, 2424, 1485, 2514, 2255, 2417, 1477, 1248, 6472, 3228, 1394], [2996, 2335, 1235, 1110, 2524, 1975, 2838, 81, 957, 3476, 3373, 60, 1241, 2145, 2711, 3158, 2665, 1990, 2196, 3111, 390, 2142], [2945, 2658, 1965, 2036, 1529, 1055, 1987, 1219, 1694, 3179, 2424, 1241, 60, 998, 1541, 3038, 2699, 1404, 1513, 4143, 1351, 1579], [2699, 2756, 2476, 2658, 624, 1516, 2260, 2144, 2693, 2701, 1485, 2145, 998, 60, 1349, 2723, 2560, 1062, 1004, 5139, 2133, 1178], [4045, 4016, 3489, 3577, 1870, 916, 1078, 2670, 2805, 4037, 2514, 2711, 1541, 1349, 60, 4072, 3888, 2394, 2353, 5187, 2883, 2523], [212, 1171, 2208, 2531, 2289, 4033, 4909, 3225, 4110, 520, 2255, 3158, 3038, 2723, 4072, 60, 556, 1703, 1719, 6006, 2808, 1556], [353, 637, 1659, 1980, 2236, 3733, 4640, 2736, 3622, 1038, 2417, 2665, 2699, 2560, 3888, 556, 60, 1498, 1586, 5456, 2301, 1391], [1655, 1730, 1753, 2022, 856, 2342, 3206, 2029, 2825, 1781, 1477, 1990, 1404, 1062, 2394, 1703, 1498, 60, 228, 5098, 1786, 175], [1699, 1885, 1978, 2250, 677, 2389, 3221, 2231, 3007, 1728, 1248, 2196, 1513, 1004, 2353, 1719, 1586, 228, 60, 5307, 2006, 203], [5810, 4928, 3797, 3477, 5602, 4272, 4678, 3081, 2459, 6417, 6472, 3111, 4143, 5139, 5187, 6006, 5456, 5098, 5307, 60, 3333, 5244], [2639, 1949, 849, 762, 2423, 2227, 3125, 470, 1333, 3152, 3228, 390, 1351, 2133, 2883, 2808, 2301, 1786, 2006, 3333, 60, 1921], [1521, 1682, 1823, 2106, 880, 2506, 3360, 2184, 2991, 1611, 1394, 2142, 1579, 1178, 2523, 1556, 1391, 175, 203, 5244, 1921, 60]], "distances_m": [[0, 6656, 13979, 16207, 16008, 27492, 33673, 21292, 27443, 5048, 16329, 20810, 20452, 18748, 28090, 1478, 2457, 11497, 11799, 40351, 18330, 10568], [6656, 0, 8183, 10207, 17799, 25790, 32259, 16762, 22785, 11614, 20198, 16221, 18463, 19139, 27888, 8133, 4425, 12019, 13096, 34222, 13536, 11684], [13979, 8183, 0, 2282, 17814, 20552, 26980, 9144, 14872, 18298, 22344, 8581, 13646, 17200, 24233, 15337, 11522, 12176, 13742, 26374, 5901, 12661], [16207, 10207, 2282, 0, 19480, 20661, 26966, 8260, 13498, 20575, 24284, 7710, 14142, 18459, 24842, 17582, 13750, 14042, 15627, 24148, 5295, 14629], [16008, 17799, 17814, 19480, 0, 14865, 19804, 17638, 22195, 15163, 6218, 17530, 10620, 4339, 12989, 15899, 15530, 5950, 4703, 38908, 16830, 6114], [27492, 25790, 20552, 20661, 14865, 0, 6497, 13326, 13276, 28575, 20577, 13719, 7327, 10531, 6361, 28010, 25926, 16267, 16596, 29666, 15465, 17404], [33673, 32259, 26980, 26966, 19804, 6497, 0, 19263, 17755, 34355, 24790, 19715, 13805, 15695, 7491, 34094, 32225, 22265, 22369, 32487, 21705, 23334], [21292, 16762, 9144, 8260, 17638, 13326, 19263, 0, 6151, 24571, 23582, 563, 8472, 14889, 18543, 22401, 19004, 14092, 15498, 21398, 3267, 15169], [27443, 22785, 14872, 13498, 22195, 13276, 17755, 6151, 0, 30636, 28369, 6647, 11770, 18706, 19484, 28543, 25155, 19618, 20884, 17081, 9263, 20770], [5048, 11614, 18298, 20575, 15163, 28575, 34355, 24571, 30636, 0, 13574, 24144, 22078, 18763, 28034, 3613, 7213, 12372, 12005, 44563, 21892, 11194], [16329, 20198, 22344, 24284, 6218, 20577, 24790, 23582, 28369, 13574, 0, 23424, 16839, 10312, 17459, 15664, 16789, 10263, 8673, 44951, 22417, 9683], [20810, 16221, 8581, 7710, 17530, 13719, 19715, 563, 6647, 24144, 23424, 0, 8620, 14899, 18832, 21932, 18510, 13825, 15255, 21608, 2710, 14881], [20452, 18463, 13646, 14142, 10620, 7327, 13805, 8472, 11770, 22078, 16839, 8620, 0, 6935, 10704, 21097, 18746, 9753, 10513, 28772, 9385, 10966], [18748, 19139, 17200, 18459, 4339, 10531, 15695, 14889, 18706, 18763, 10312, 14899, 6935, 0, 9369, 18915, 17779, 7376, 6976, 35687, 14813, 8184], [28090, 27888, 24233, 24842, 12989, 6361, 7491, 18543, 19484, 28034, 17459, 18832, 10704, 9369, 0, 28283, 27005, 16630, 16344, 36027, 20021, 17523], [1478, 8133, 15337, 17582, 15899, 28010, 34094, 22401, 28543, 3613, 15664, 21932, 21097, 18915, 28283, 0, 3865, 11832, 11939, 41710, 19506, 10808], [2457, 4425, 11522, 13750, 15530, 25926, 32225, 19004, 25155, 7213, 16789, 18510, 18746, 17779, 27005, 3865, 0, 10405, 11017, 37894, 15985, 9666], [11497, 12019, 12176, 14042, 5950, 16267, 22265, 14092, 19618, 12372, 10263, 13825, 9753, 7376, 16630, 11832, 10405, 0, 1590, 35405, 12406, 1221], [11799, 13096, 13742, 15627, 4703, 16596, 22369, 15498, 20884, 12005, 8673, 15255, 10513, 6976, 16344, 11939, 11017, 1590, 0, 36859, 13933, 1413], [40351, 34222, 26374, 24148, 38908, 29666, 32487, 21398, 17081, 44563, 44951, 21608, 28772, 35687, 36027, 41710, 37894, 35405, 36859, 0, 23151, 36421], [18330, 13536, 5901, 5295, 16830, 15465, 21705, 3267, 9263, 21892, 22417, 2710, 9385, 14813, 20021, 19506, 15985, 12406, 13933, 23151, 0, 13345], [10568, 11684, 12661, 14629, 6114, 17404, 23334, 15169, 20770, 11194, 9683, 14881, 10966, 8184, 17523, 10808, 9666, 1221, 1413, 36421, 13345, 0]], "source": "fallback_haversine", "computed_at": 1782034536.2412403}